1000
278.8535969157675 -949.9784895546661
-449.94136326176147 -553.5785237023545
472.9424283280248 353.39897484582264
784.3591354096908 -826.1223347411677
-156.15636062945916 -940.4055611238593
-562.7240503927933 10.710576206724776
-946.9280606322727 -602.324698626703
299.7688755590464 89.88296120643335
-559.1187559186066 178.53136775181744
618.8609133556533 -987.002480643878
611.6385036656158 396.2787899764537
-319.49896696401623 -689.0410003764368
914.4261444135624 -326.81090977474645
-814.5083132397042 -806.5672463330719
694.9887326949196 207.45206273378213
614.2565465487604 459.4635733876358
72.45618290940148 946.2315279587413
-242.93124558329305 104.081262546454
658.8093285059897 237.03950472849212
723.4138006215545 154.70429051352409
409.14367242984696 -908.3512326886756
-544.2034486969063 -421.2240727957857
-840.416046152745 -534.4182272779396
-797.9971411805418 -444.0527937798158
271.36888852880037 -270.3356420598315
-259.6380657662347 -580.9859384570246
-466.0443559017733 873.309175424988
296.07077049318707 218.26201133397637
-657.722703603806 458.2535959006984
-673.1950124761432 -241.08911648470445
979.0467012731905 279.9995197081857
113.89948754929247 369.22850197974924
685.7038403796191 551.9998230924896
-541.9038560717912 -935.7995121919245
-369.0939038818362 -464.51824804859456
-578.0343128273471 885.8194286701089
752.7352529453377 -370.64423840304414
310.8773305897601 -208.73619787867148
829.095179481087 -82.2962948252024
-470.2396670038951 -506.7449846120331
122.73626832630158 -474.51678295412944
169.17198044708104 795.6457672049539
-201.19898971920546 -561.3584816854334
995.0752129902205 19.05258735292903
-818.1811756524122 -905.7672491505309
-780.7017392986817 254.8920834061801
584.1587287259282 -155.68006640063192
-872.9445876960857 -236.7614269869265
992.2427604801935 58.22869019827404
942.1567552272363 721.5594044689961
-977.0379561143608 441.4436387203893
363.42073805314953 73.94066081759033
-466.3496200949144 281.9235971596161
-776.8956528082472 -130.46949866179003
-92.55258734158711 907.6318550421603
751.7058807563881 -473.2218984978185
1.1722261005966406 -642.6962389397372
825.2556786896411 741.0371396735338
-403.11041710273423 277.8989897320103
217.94042287634463 -694.3214629007304
525.0216001503026 78.75806023925148
557.2529572611164 60.70734439035497
-998.856207744113 -351.6878859906538
-961.0465152283354 858.1972325292342
757.4437556463685 663.3310587223589
-384.97174919467716 -884.1496670116248
756.019198408081 893.8988905959882
-828.6930958642424 -28.019073366772453
-861.5749630632328 521.2043305144631
531.6688586139755 -743.2170710004744
-49.435243802537386 99.6071869898878
-469.8867421198818 744.8660821705149
-153.7241195982262 -576.4035891158359
78.59217755891667 459.86213817995235
-597.6978732206082 -376.56741739821007
990.2987133217894 299.756115278907
-123.79983217099189 35.15168207118124
-757.9916082634686 -550.6053259368853
-323.82887570508933 176.61743691446662
-539.7705348068461 -559.565231096881
-858.0138279819349 262.2059145401978
-542.1164323776912 810.8400260122559
719.270800507493 -858.2853002226931
-523.9907312620096 337.95555659256115
-571.5263852591228 -735.37630254995
871.028481161342 142.08618665056895
-54.65794737641172 569.2388485815068
614.9939955332868 -619.1801712762446
-806.1383715423533 -137.89763518724496
-152.84275396015846 -65.95066392665005
458.1516989197012 346.7290945866031
968.3304227319322 -803.1642576960822
-194.75743579546244 -321.39478921007367
723.3450727055821 -502.6873321594287
-619.582183118377 -102.77290433373621
-156.23672033119163 -442.90971066611905
-500.38710423579903 846.5311985520257
-113.73850989308609 722.6982095236611
100.65062489969611 -898.8233409502375
998.5649368254532 672.0551701599038
937.9925145695025 852.7339660162552
697.3914688286109 -667.377778792172
-28.71774909856306 -572.5054016016367
-197.91941490109477 -882.7292000556422
-242.0537620461678 970.6176875594518
-469.5938836556961 568.1412038971388
-89.98326532171342 -153.9850280196742
914.6352817193464 990.8453789854277
111.53664681123642 436.816550592652
-690.4063494518717 -406.5843490108716
937.4187299383176 158.36058163251244
84.39040274854848 495.9511207581282
-885.6694541850338 168.35518891794243
5.700765839027122 705.4397840965707
-685.1345441210335 921.5578065489008
-839.7770695188262 -628.3500780385535
190.0702129000553 350.4251072081803
-529.5922099981376 -760.2267721057516
780.574628258875 -507.5693044227503
189.0383070668824 238.76302066420618
-161.55016932825507 167.34457858244946
45.56543106391775 869.4125154728545
-591.4816011529272 432.3836015788296
-522.628094768308 -208.428306417491
343.38044591994253 -400.00584040247554
-367.64560745629194 503.72898482880424
-854.9137710136854 -83.42895476282774
996.9088817088847 992.1928957101888
-853.478557800734 -573.6913754659192
-469.5991704991973 866.5187559874181
761.728347372879 758.5404849690856
-260.9458225222321 -684.506335285536
667.489909279614 407.0798501747419
223.35553145190025 974.4661272630086
307.95263542146523 -984.3537856956841
634.2082702309233 -401.2424956000442
326.77742993215463 877.8600078542078
-731.4177712132646 -769.1426591617956
-785.9280445811647 106.44728176963181
-455.30357537036735 209.65965406044785
435.22437427759587 -592.8053753450941
268.47591777015947 -472.0321967391812
-22.93629570124689 810.6729821586465
692.2074265897108 -815.4030645745331
-152.84845487254728 -446.63955205549667
-992.9086218244354 542.2384460392542
274.22675460275923 -476.08947513130363
482.4618166958616 103.36084225278253
-144.62616203864133 -980.6606007833201
-849.5122798524659 766.2127866002859
807.8571431197863 91.18057841104465
669.1900397720334 165.01913297958802
-703.8124288650347 -745.1089614357224
-383.48330013973265 797.96297748518
592.2446097760834 721.4051640018056
797.8492730529491 -579.8469233204919
-500.94052155415113 -794.4127566564288
560.2324837428854 768.2694029020179
-187.24522033576642 241.3230203014256
-690.8933233355907 859.7620313873489
729.211392439928 952.4120658619257
621.5434398807937 762.8324093266488
-950.4272762036226 473.1289435101642
-335.62906410714265 861.631772096651
604.4702778742778 728.1280567505588
621.4986331487779 -466.38858081105593
574.7490182709423 -783.8087471940858
744.3335658121795 717.1865026755632
-555.1325649086712 633.1732111938579
-79.39353064211585 -389.61826532279883
590.6909983057236 -544.8090251844593
-952.671130597097 -613.7404233445827
-343.476097604587 728.7058840605727
933.7782080967223 -441.75001455625716
282.9634772152554 -200.64323127987825
962.2993743965202 72.4314649574438
878.4742806494314 -769.3164962971448
940.8012220444559 -642.8643676550727
925.0686315231109 -469.0672749540627
-783.1949055705778 -130.87248287071128
457.0901213054086 -372.64537161001755
212.41770661228654 22.846119338956193
-229.60913331054567 153.17608699319908
-490.55498772283613 417.5705676683412
-996.6174435627411 851.1503309981654
76.9039941855838 438.859998289691
483.90015567895307 341.25700886599896
-271.55705643747166 -860.0523777473796
328.4753698225447 -339.5999279148072
-372.16870988328066 696.030559012671
439.50852602790036 -399.35546357747165
-381.4306755826935 -183.21418276156632
-195.19922588455074 -408.689594948106
-745.4244018816936 -159.1073324541834
880.727341460366 354.6358905454658
805.6110914651653 231.02983190276106
-398.10025086886935 95.87442627139642
-999.188120605425 -426.1725662621456
-140.2237000203308 159.96956239136395
309.4112474061432 -70.02361950597158
-115.68040139038516 -572.5971980217994
-53.627628181347475 802.3616516565085
592.0495202535606 -660.6172076038905
-830.4089265497565 30.904019830432894
265.88171153159146 -329.62348918039817
636.8469290733285 502.27627508146446
345.5913411143341 -550.7186680054234
-601.7401345468467 -951.1492245463473
-510.3149118432997 -49.727311562389744
699.4753892494639 -854.3435416308618
-171.1179780045613 259.5307614754274
-611.1295265205814 392.7085009810098
-11.245661979126131 -512.0311208431223
312.11602222356817 -988.9103637239365
501.92895323694574 540.0923771480501
-786.8254068729221 -149.70761211453177
-648.2266365869367 915.9320845590795
35.915500887481635 -899.5632297187182
-501.6034406800567 696.6726947033195
-87.07634905965489 602.833203444529
335.1554651727062 975.784906132896
190.90463693883942 900.0792168863119
782.851851620874 225.3046455235257
438.5479225519342 9.55632964880393
661.1383394428301 95.74390122165677
794.4162064665244 487.3108843191698
-50.651126353893346 -481.6169030699613
-505.5205249806809 275.32287355231256
531.627368594331 42.5996256559642
253.49687396356256 -450.8051061649234
-845.0332922705284 -428.543698273695
-456.5697858356308 -360.5808631624754
80.30444503691281 -723.2518769676885
-537.4770405436265 387.89962459810454
412.83828338910445 -871.5422985722439
-184.80126066682655 85.22228100783069
-168.4515317936881 -586.3312209711795
-159.71296445314874 809.6769566803539
168.15882840845032 391.04597299593615
713.4640646078685 531.189152236139
-239.23794214457672 -988.2078328320139
-296.4823946563506 506.9502501187717
706.8959011382092 906.8606769402126
-161.9574347403563 495.03133795610154
92.26461946767816 206.50517788248268
-558.9226113523622 -561.1567307571277
-128.3280479067268 -941.9503601065695
-327.74091260323513 358.28377005669944
-191.36666172472582 -669.9105375929823
-65.2197015353797 -744.7444054376787
244.51392194812937 -946.0670961897246
-211.95948732059057 128.7839660495482
-945.7959073193751 285.49929601867154
-728.6010255388716 -76.60311189697654
-899.4307330227449 -241.79227162372086
-576.6794315770369 -346.3083902373829
522.4594157880542 -241.74756887172742
504.0196471095697 663.8485703105453
-495.4569364352388 -836.1875344767149
-961.2334258999787 78.8380958450674
999.8156570184185 -300.07931255963217
300.28818649975 562.4660992217898
303.50931048777886 508.4664081190524
899.2234654319777 -601.2786352749342
-959.2399653593353 -695.2353084304193
-747.5580502515875 338.91768923982136
127.93916386003824 -564.0709181869927
398.9299424923016 533.7961967124816
-664.4217132643955 214.4949877818634
495.85130391057163 -770.9342572422047
638.6023486221701 929.4415460681753
-783.8025006847869 -948.6431490050679
-376.08551121060964 354.69457370081756
916.3456764117918 -206.69111696674537
430.0294100989368 -848.0070443138801
381.2288318659607 254.4847912020889
-796.197389108047 544.961769902448
700.5864781775925 200.82322963368827
-757.8898698653697 967.6887030293426
565.2706927220393 -305.592469383102
-143.2439735305111 -258.85824756388763
11.921579354155831 -317.5376502774336
699.1512539991547 644.6618361801162
-788.9222587120029 921.5751344291572
271.17021220289183 657.4146220049164
414.61728741215387 -129.0257099846459
467.59060802678374 930.9474624761554
-459.8352072251983 616.3984376135119
76.34581289651155 -33.00499223360775
-128.85101399221145 462.05242861024453
-463.2089239015493 703.4263200386637
661.4620377812068 -826.6742038886512
763.262368005544 -512.273121618088
-70.58306679353655 220.66340846104126
-242.02139174347192 -942.6000044598209
701.9056726249182 -636.3202856846164
-575.760299640522 595.664713656193
-319.3223136714327 760.6399595164509
402.36750066440317 -447.4628484876302
-979.6977711226458 896.1251555540623
-828.7740760839574 440.14932820838857
-22.844306302425288 516.3293069649328
381.21867889304605 291.80579948190456
-18.357329842827674 585.8657362646348
-813.8932988906566 -556.8071990549397
383.5743105904037 -387.5879397398232
163.11117066473435 -53.47902248095049
61.8438622915356 -148.9923745895705
491.87087342721924 -338.4174056081397
405.7098843715379 -458.16714604760733
-497.192647598117 -758.6882304953883
-614.8314130969652 -760.8905174898944
71.72793076749961 524.3792189682059
-629.7003151246761 -567.2307202427886
-31.602825574582603 449.17000218610315
953.2140457661136 49.2737382172157
-434.00259345008993 -798.9477838184184
-611.7648438178531 -545.0336730348906
-641.1169126291934 -971.7032654878724
68.27017853532658 -451.3773464334654
948.5898622054758 106.7179335972166
394.8347858203889 -747.4410140831822
736.9223945258881 -18.242610952442284
745.4394699970692 148.1284392526645
-61.20611013897958 -119.0624037279795
-631.2726592198366 -897.2465656328443
882.1271935362065 -44.541625468624616
644.2312905988607 -198.58511549612047
-851.8356594887205 258.89141390399664
-892.7818514149337 -701.6048310526896
125.67919416912842 -392.32897631554465
987.8362454204404 -763.0968755770768
528.8868906523885 212.63530248592554
581.4816596868388 -548.6257258699308
45.14507026043568 -98.97107022249152
-114.5579919613433 720.3333316523601
980.0625209335958 -389.2395113612792
242.05464214429705 219.26182449026066
480.17861096908996 895.180400650756
-584.4241883528973 -577.9496093892141
320.8562743840733 -685.8858132382458
-652.372903347131 -849.8702621976641
-994.6485547942285 -98.9925907645952
187.62239023912653 -417.4814219379448
-537.0475308879484 413.91165975806655
405.9751161874343 -91.93734718591351
374.76984014248546 847.8220889650974
575.6560532934627 250.11601432844378
322.36608570673565 867.3369168910266
-149.7220677915767 89.12475742115733
295.2694468049615 816.8228904252122
653.2623193001192 -857.1803262883717
-668.1544215585507 -384.7763747715349
497.9154441392466 138.41409863818478
-422.77882338831654 -751.2926836505835
377.35598242418746 399.4673699514346
885.3524814880816 0.9443542358511525
-12.409561309831396 -839.1162962013981
-920.2784316327738 -135.94267167845487
-355.3568332834001 -499.2641951759922
-817.3462267380296 923.8222043856734
671.9172278123626 150.3982184398609
901.5725556127047 999.1448337549027
344.5631686064785 -460.9779480658922
-919.5366537107676 512.5376608251142
-58.99835349673288 303.0189788673727
832.145575853535 -637.0217055537481
170.65925055570875 269.56943890817377
-16.548395617973277 -817.5151874123457
-304.0778874106991 -333.383212669816
340.26701904237086 715.4661888007053
-340.3926728420692 387.34734796686496
-423.5644092770885 890.3870791264212
627.1320694759453 100.19321794356584
-90.34818279654111 -370.96568565966413
-353.45242744801067 940.3694536171542
-191.64988599850875 29.19250465821022
976.2384295635082 315.32077296625795
85.18718871439002 -173.50485840135698
-624.8349172109457 -276.4412816966495
512.8863081111474 250.81748429001794
519.9810721220339 -592.8835232994522
98.43927817066333 855.3455216888955
-123.7678098552435 396.50005824434453
-757.1478332747603 946.2936316433887
217.7433341639299 -521.4050753446993
-683.2436723895352 101.67801400533993
104.50281810746608 -813.5815974369549
984.5142787904393 825.8597569683359
-77.1042116424332 -765.0677018208848
664.2863475378025 -3.248990585609457
433.2066519835822 17.74403013902348
-453.1502065734516 669.4478911533888
960.4892652067509 -512.5381878497233
102.53015376093933 -232.82797350570016
843.7362998631237 16.481783185787968
758.6525102929522 728.0538688571762
-447.5051943559181 580.0123640062269
-170.1151528973097 868.4967873650402
15.475351619312905 641.0989463711567
-434.32203343434674 -402.88830045646563
173.87544482832217 997.8046664586775
-20.719306688598003 -702.8091632344218
77.16115540774737 -309.7521166139849
103.83483414162198 86.86012591734604
-89.31076626699786 -356.4452995419252
-622.6952525857891 394.9968552411427
143.59528396980227 -532.8751078842138
551.0889501985176 -912.7054018053961
489.4103031303918 410.4557620500051
622.8178051297538 -227.84249501803532
327.37765896906933 641.4951034191101
961.6362773195701 -9.342700767152934
-925.9607773088476 4.58230026593176
180.3608586191341 739.4006267244308
748.3807481086167 -119.38758045864573
51.902173615122834 -86.14385105151557
444.8876551412853 -180.0427605072712
309.5626528554676 -691.2775624569023
-61.01879803053612 938.4072611484344
-322.87753189713663 385.4091971737641
299.6733051585452 703.5305847013828
704.6826731317861 718.6843683365331
-239.98120495468987 -366.67769213320065
437.434850445966 518.8036186687273
744.7660347970726 -928.2018003246269
-863.1585056368971 262.3220337092811
841.8581975605935 994.8518459124307
493.5327334758539 -132.05705615374862
-803.113747233604 267.49565756158256
745.1584652141814 -112.64289667658845
388.00232558646906 806.848124100972
-908.0180626455744 592.2869303244236
-413.2644480695824 -250.31782044937034
-708.8604086012032 62.33263629752006
131.85612383187362 585.0389477619065
-660.0327018638053 -842.0632986800107
741.6791972897097 239.4207370748307
-518.340416287374 825.6580320471096
-713.7645597429807 -77.7001732900049
-492.04532117291546 -489.3465836816919
-981.205137090258 609.2661539502926
802.418847197766 355.2217713981589
-684.048755856426 -116.54043279237113
-308.8687511138366 175.14341025284287
277.8774047200243 -151.38212307820464
-499.8035511845975 690.6078502851973
-601.5660017822153 -230.61350206530906
-33.5838778815678 -525.5885961448507
143.8453847014778 149.62386035729014
985.3840872537951 -409.5384922334613
955.8889691537254 316.4596318573614
-451.03923964354453 131.85803391139794
371.5989854680242 489.33768233065035
-901.9114984480001 212.81298615294907
-6.545426952259348 808.3105817874507
-427.61169708161106 597.7202390151974
214.12999632853192 -295.3580883293669
273.23575601178374 241.78232626060824
355.5289172467189 441.8567533414179
318.36308063350737 676.6742339250331
256.49620737379666 806.8074081459358
292.68121778104563 -382.13423209472785
-118.35361967437686 159.1476107368055
464.71953587847656 -819.7332485075622
-409.77909674168944 494.96172987674305
-648.7198591113868 -735.6804045064329
78.81551796884212 942.9791624226798
61.70474740557008 826.9739489633938
660.9452391347947 -486.0598308734754
649.3796250848145 -36.304340252517605
612.976987587533 493.1187014340901
-322.5694923962275 -769.6605851004812
925.7865857377552 -718.4859699882346
933.0004189255042 720.2811937976437
448.4334241510364 959.884485563807
934.5394946000647 609.1752880411238
-268.4499011888673 581.363937177875
-972.1626897981977 73.14461653811821
-90.42794453225068 345.6567637475072
344.6815947020263 169.1201833043321
644.8346024535485 880.5837835591084
-783.3077956015386 -532.3561955768337
-949.9507007070354 768.4696904297043
122.8147644997577 830.5118174863188
-557.2655998520199 -873.5659176796091
647.7107027808953 818.7752768557841
-395.6196509414995 -183.40828840917456
-720.4459749855579 892.5230657638925
-391.27083128798955 -14.750762043588272
-805.6160027563568 774.5186170570047
-728.6719025873269 -92.71248622221484
340.9724377003425 486.2802430463431
891.9481715588641 -161.74649317055434
484.5380295306316 -690.95419518033
-170.23094512638613 -801.956730578943
-21.30592442077095 -183.76822860459896
903.043050762119 -934.5674262899062
-258.94008253112924 -113.2338278785967
901.1103397028539 710.9003866119092
-801.2907507877394 371.3605309625707
88.93172296428986 955.6850589040935
-282.6523175753641 -203.72071451125385
-620.3828756778408 -755.6805618254725
696.0663769273621 -90.56526285896571
325.537476123956 283.4089344664352
194.29191903909015 -957.2850905272587
573.5891809092335 -512.8622056719528
-748.1522293839142 129.15595181592664
-862.7796943512882 530.3147517771689
-585.6852593066831 -568.0972961626504
739.3908535390894 -342.88089313553917
-704.8916401171126 801.0620712635164
-994.3288970399673 716.8122527603526
-710.624039358984 -740.0157371131264
-498.69160654375236 -651.005758197213
322.1152851946336 -948.4397004276033
-970.2793455385823 579.9693284695078
-524.1367878190739 -352.4570760759551
-651.5075971876456 -895.201964277647
483.436113908299 52.17105319573423
491.3305500679914 -47.50806915349948
556.0340786284055 26.475915218383328
-781.891979992309 7.677379571642717
890.8312859402125 -913.2699262016566
566.4539919607591 733.9618155196765
42.902429426168176 -83.91495580463592
928.0523662440575 -878.3491850109883
-42.03617800327342 -196.76549097487904
372.1949921244654 -19.46229171154945
819.4016582304587 -853.018568467099
-838.4190451784161 216.59484726687995
-868.6355333597721 -449.9680008840936
266.15344860203095 96.71286809672108
-349.6291133626641 989.2555117218471
61.11367486264907 -92.56916484905675
210.85358307062575 -801.6430766419161
403.55883709213236 705.58547459115
301.8333297626108 537.9254602094771
441.6798333151983 -569.9538673450062
-96.89016806943695 -543.0128512708312
-322.1367623296496 -93.00219418510535
-168.0206994770095 -809.8283214487383
-146.47198747808397 330.2157261206178
-251.39795312892633 -694.7221504625525
845.9700714687688 -865.7333837267045
663.543776949709 -813.5397965926452
-806.8711348684287 477.5919969774314
623.5385705547847 112.74147123070021
172.9301654789539 123.17282798414486
-340.7080371675899 -755.5374292908814
-292.80384073246466 330.6810400058309
500.5685005029565 736.1842977381299
442.12135749229884 936.7972506229489
200.82018244935406 -296.707628613702
155.83703677970973 -574.5223886559878
313.47260597630424 -551.5102617848688
-783.5632361454667 690.7468372026901
-264.8778987692997 525.2112638736994
148.20000866292537 614.4427423046887
690.3103226567163 949.0932042514164
636.8537190813392 227.14656107092958
285.39832765966275 -947.4923370928332
858.1685819898728 658.921579919326
-465.10454969177874 -639.1678560782912
405.39754573120933 -382.0306223401797
-320.35068644548323 -987.7884211926826
739.7254130728763 132.64218952275252
-198.43131200096886 -716.2506916974627
266.3440253110276 -938.6858032381882
492.2235240114135 -569.7342399329781
-160.3350124709937 -318.2080364613344
-259.8938150459922 443.1919354853464
553.671239933482 135.18711322879452
-830.0859200456414 -894.7823471489564
-685.1802057856937 235.67636385206114
347.93742122622604 -455.79431290756213
323.8773856165225 -28.676590218007505
-115.91162660444176 -453.6663112704611
509.88628733674136 -772.3649837795965
-140.1727332042193 -433.5070598391013
356.97250952026604 -26.73449327149835
334.26511747269916 -909.165274791145
-209.4732078247421 198.64991388890084
-984.6258282002343 -397.16127596312646
-577.5320415593754 -725.530389485346
-488.96099195708143 -343.75528812431776
-984.5401868613761 494.0282468595356
-648.6103962483154 -239.58510856952753
407.34252676532725 0.524693112426311
666.7084048397564 612.4003731335276
-855.8490068156843 723.5287240451771
-915.3954768744172 -962.5169268287086
842.3248690048248 724.2200272241328
151.51832147366218 146.79936177168605
418.99792313786844 -164.61208031303886
-769.6532546724035 -958.2868819505023
-350.4636411089723 602.6443086209043
236.25052660848044 664.0518261434142
839.5395034827693 -823.7402374042306
688.9687196293938 -513.3670503545327
177.7425766058238 47.92508600126322
-208.46660628133407 -379.45087632827733
-320.9734377030722 -333.8627550137361
-663.7345839086269 20.966569084296616
-771.9467203228949 19.90412464594393
811.8454631601008 -301.2494690552394
454.7582113478086 637.8972030497039
630.0740115000283 -527.4623021065514
-707.1115634446112 -605.4563943520335
204.79797054633164 520.4305910937841
311.0180210374782 -645.7077421055417
545.6961784951204 -11.765949965222733
508.89165049397155 519.7542992154969
-102.18948600987399 848.3085167713186
128.9835668055985 270.59663812118686
249.0435588837896 728.4937496628323
254.43481379954358 -698.0851972138462
-863.4274830084878 -115.58387232743029
-394.35912972197417 -450.6526650276816
-887.6557595738439 14.673770579556322
-379.1842987873781 -96.17227259863559
-886.2198983320952 663.393263326243
-846.53799765309 728.5000678504782
710.5867429121806 230.01677683114718
14.135634667910235 -74.57668214545544
108.63274267660783 583.635594530717
791.7535311136053 -100.53259269818749
619.6318353959423 303.67490929721976
-356.9464742391433 -48.74194411386101
-698.2778466087229 -876.2525997977986
-792.9962454592168 798.253667911547
-313.1244483234648 428.6310983349253
9.098003001914767 -654.8821771272701
-504.51255280343156 -124.48345138153405
-121.1564164747514 45.49607053109117
-682.5075840369173 -254.29603579734584
-434.2128427711642 -182.46120550535937
-323.2657063171609 195.77172476597892
578.4538631273294 294.6107139386138
-868.176291440565 -810.9881049698113
356.758689680162 -431.70605224377255
447.46731000492355 313.12817282095585
812.6853943273544 746.5593241210777
-333.2759278788868 165.47902917283918
-717.1432388313643 -300.35842492831154
935.3930153854892 396.95992562376193
-216.08403132927933 190.08245630314957
876.0043991315216 -380.83622516807816
-246.64138788739965 583.3239157270871
626.369567629602 340.232799989445
657.917945788929 477.54934425896556
370.8288805551525 52.78667946834803
292.04964146697574 -153.18726735579259
-276.34380730643085 -274.80466203591124
-639.4741542463107 -571.6146775821993
895.3365350686937 -27.458158254545452
-546.9139069322255 -724.8692936458414
-845.6698313982473 688.8567773717666
-797.7184726642117 541.749440726202
670.239653269112 767.3643309851233
-924.5050152848775 -326.4712560714369
532.6152088944831 -737.901917140984
-246.56025835495066 -675.505575823099
662.690113378251 542.1956274619768
618.0874392786022 -668.9216685118827
-124.65318972330653 -178.28277700693306
352.72584437706575 -524.9395971061499
-111.6025803894487 -430.1441348732835
497.07303619087264 -102.14407393331926
68.02229939652227 -381.0642068744208
617.2477421815728 -61.9687899354946
670.2267854514148 -264.3180835499344
894.2603404882459 968.8795870631545
-76.64004311802164 -436.45653459244915
-236.25513161857901 54.91957692296534
932.5363064118945 633.7824791624802
602.5184483030952 -723.2029307931376
-499.99357682198587 282.3580724088943
748.2338901044741 109.08149084886243
-794.8205365031813 691.7845534668769
702.3320961695576 -429.87397188134315
526.2336605833817 -454.41740081728676
810.6124179564824 -705.3026880167914
-125.05487961003836 892.8265260235213
-555.9239861860387 -97.74401955858214
-300.82984372270215 -946.659618394123
-893.486225657851 4.014229386470891
-528.4438522731348 989.0507024765825
-250.17465316446484 -943.6249089436999
861.6518094999061 678.3525752232114
299.9213685883633 582.7612749643521
-724.8008245482566 -426.2412053734637
659.5231663056451 392.14397715196725
-722.4146163636276 411.0723505781608
-102.79705203550682 -989.4976033887641
-841.5484574585574 -488.1521431259106
669.926198564762 97.60849088767087
454.4695706498636 55.543011773448555
-777.6262793515232 -423.79684392153894
-397.6976108275601 -904.5011067622975
-160.3489124931139 587.7982172788762
-85.77276672710266 -778.28420941997
810.293771323997 193.4780856378939
-967.1292955882111 30.751460418812158
-516.1237311580134 -712.8463195074798
-141.52221379333253 229.61916555190132
-518.8715223869129 -166.86480958292037
328.74260348401816 -828.7720900254765
949.3089819044434 -864.641354182308
52.11889064434105 14.655393159573205
976.6629711929348 108.30390483639096
-219.09253487987178 -59.72984368302803
271.34158293726006 962.0788451031206
-492.6994778615745 -967.5155377821047
577.0400325590306 -310.3950136732174
465.88204290128334 256.51392495131284
543.0027482197181 470.37396962462253
-334.96278325603026 -911.3286234095837
92.02749041538306 627.0177311121763
-649.8217458965831 558.285186956563
-70.75420050592452 390.77850399212787
263.4716955166756 622.9953636952127
-873.7989259355508 552.3807994068435
-84.64084510529358 -413.1148576499375
-912.3874486817538 -601.0603325696234
-916.1881161392361 866.7419599007947
30.767178508997574 978.2454045922468
86.06139530837176 -493.3724695947652
506.5818376377298 -617.7931385321782
-286.0516479292732 561.68313395685
731.5965541561151 -336.1506272373109
-751.0499835112332 -263.96165137065395
778.9730340245628 486.6154110392424
789.2749899101066 -226.71046347861568
947.4471686306181 -7.593546925954708
-4.953215012745371 848.6209332539272
38.551707069883975 602.2961748035476
454.16264868527145 -842.1459878890643
204.90659766045448 644.6825590797733
90.94879468927397 -357.5771435708119
-839.8621778500095 321.83844291627327
-387.00828781849503 205.2432554611996
-147.76785423390913 379.52961689097253
-296.9060324560158 -915.2896742997409
740.0743501127843 -294.8813793830354
996.301195546098 -450.8892798502848
960.0545583885582 895.8087572061726
-849.9176700236815 275.0250757665966
-273.3777386980354 602.1919511243399
358.82121562937976 905.5787925592156
-714.4410632749006 215.1458066417107
562.6239394869331 -930.4020684029159
-865.5332738757824 557.0307470137308
-267.34305378570286 -234.29119662244457
134.48928344823895 210.18965770957098
358.1241138267899 897.647058531113
-255.97324305863256 526.168943597159
147.84355666779138 58.919763072579286
-203.93190809510008 299.1214734120631
-500.77669381320413 -773.1027748299639
471.34971895885536 -1.9120794870663982
-226.02523992147306 123.34542151929418
-476.4466468250084 -479.42045772019327
-107.45377518876764 992.7302243095215
-428.84624460368406 832.9578190837627
-17.599609491551817 -754.7251561920583
705.6525807686453 -95.91462950920527
797.3580615724607 -109.77761451508994
-824.4185177905379 363.8585205012743
691.0424379493988 -360.82445580005975
-305.14941052287094 -870.1218433678577
84.34272245112462 782.6633647077779
702.7241015062517 423.6182080144253
854.6489134463556 275.4000451280325
587.3927676900055 17.511490348601555
-757.2750898430862 -598.0392576446285
-722.2462559232686 580.7461216154983
-947.4319463834686 108.04287451919015
-262.17766899755856 607.3234525771729
103.29386785285499 223.89672524104176
-827.5690366961346 -381.4185649430757
999.1900878687738 437.739319781439
51.391309660600236 538.329100749396
646.6787990167812 -852.498574177522
944.7594630275318 284.67717877276266
-100.05100867400785 360.2179812991619
-310.9704385946006 755.9203033008235
560.5258576766167 279.587858733326
-636.0737268957253 932.5292278682135
-134.76342703605027 821.4245418937746
-889.1742999644458 -751.6777587219756
-693.9690663795988 -670.6858402197518
-354.6784976908888 418.66426505849176
-307.95383531625384 881.8081098630695
789.8518336422488 691.8674123117312
-498.7893820360019 270.1141827754918
101.6828309662794 -749.6594097461946
-394.35078778224783 66.95605953676109
5.146289482525379 -662.7281965045863
883.2139757371917 -691.6114662408737
317.4657467675086 441.26553687454594
210.27781572371086 685.0600082267779
127.23606886259154 650.472534653264
-943.2530242022448 -909.076393417316
282.9074676487202 153.54246295475815
302.2599549711997 533.9180018326222
-166.8264326735076 277.98238441774095
-3.923879727767865 254.32802059616867
-420.6566863967884 913.30033990881
-34.11036364916109 609.3763084314661
369.98168239135333 -405.1322571405154
-854.0539489893084 -880.173934130662
-120.78900015917804 -31.49773978528159
-591.9539728732026 213.3205256412727
-374.8350015061339 436.725770224875
468.3995096090936 721.5547315086505
950.7482558297604 -738.467696895227
-258.9196038994175 123.30243149673836
-361.7682271936855 -67.05486591872712
-465.05665109163516 -504.16223494890875
-806.376694878857 -419.57599006019694
-231.70033299678795 230.75488832793732
-503.45943923762684 730.6150034414354
-680.6006757396781 -345.12835839761016
155.37407578719288 -374.57015827545393
526.2427502772571 -3.4689158801823883
29.449678462968976 -2.4805832046916887
-382.9190358911414 -953.6474035672979
890.4656081384745 10.888926047543102
933.3732611049508 -569.7111549475178
-294.2098222872893 -898.9191907442162
-10.211592949647352 764.6789527364022
308.52007377923417 -58.826293263608555
73.38149857785403 694.3447307869357
-138.14446130491896 764.9114618371857
455.01612671878377 527.7135283239791
-268.125294964874 -198.83675797048684
140.56328776205862 -610.6893962245618
106.44585324230337 -852.9365005143163
8.511058246409409 528.8082294144791
-440.558644752036 978.1814012414452
360.7972802377215 -762.3779605528209
950.1656308275681 -212.19257454278574
589.7944567618915 -321.82940009486936
877.8971339107509 509.9303445855878
-601.8842368951001 18.245032450364242
0.15580714128771156 -909.3932950658506
-725.9272528649592 -333.9185892944656
-52.511699209619955 -86.02288143425207
212.52104480760826 31.011464294507853
-344.0683047269475 226.13624212935602
-674.9959082461212 981.2314751222801
478.6387211472083 -401.5313149433635
-327.2530956966433 656.5787719147518
64.67965975175272 417.47961287087577
-400.41887052517257 631.4976664876484
-263.2843802684608 347.6127849460331
959.7960623583238 167.40428369757265
593.5096278602942 450.6484251037106
376.0873024055433 -946.7056900723336
-50.81957182987895 934.1413923441017
565.8079828628429 552.3240503441442
155.26879172836573 442.80022459261346
167.0465540952799 -658.9758765066813
258.05048229072725 239.47161100217883
682.3342499165286 -704.4485833993364
361.4537901013577 -936.8589733158012
896.4103415686027 -780.2089573326064
-962.1252649867748 -372.6150331082896
-697.1374837613091 381.0005218370509
-179.24518135458987 549.9446036141819
841.0418997944214 745.6354178246407
471.67454253736275 -875.4374279711361
-723.8350284295796 -585.3165900575106
-349.90093114789045 324.4535994286981
50.954302800070735 -372.49480252436575
-653.6351522853445 824.2483218480207
-315.3459646363077 -291.4260227103744
543.9795682974815 441.8491226545853
286.61819999892305 386.62662005964177
220.15316015750307 -615.4716617265732
-506.9617289452792 116.17330161480832
-550.2659240143665 945.821255181138
-404.77086944618424 -421.9917251929501
-585.4444102907195 409.9765194803935
-365.91850996310393 -302.39365159738685
867.4007495416012 590.810712004667
-453.0849264891539 -756.2517885345699
353.24449156509144 -240.61162925123503
960.3210746427244 636.7549202611247
909.2177267829227 609.2316679131407
-419.09469601412883 -424.73931677172015
428.2825749967907 -307.272971808767
-115.24777627032923 -487.11204905303583
-41.841473967033636 -595.8639855988071
77.15584741730552 866.0478675666154
392.3426012936453 -725.4540903981541
231.35406882898457 173.6609971416303
-515.0839231794264 339.667929786208
62.08297946559838 275.8891468172753
-895.0177863210745 -173.39726790348274
434.71611250048727 -798.9101904453042
541.5321161965583 -989.63710718574
100.70513155923334 858.1993603399555
-186.18509690623307 870.0641971923031
756.7992430284564 -45.10295911820705
-601.0880506647967 927.8280777818715
-357.66459576166665 291.7958357805397
815.8739174712448 -821.0785589769673
148.26670635074657 70.30455378720934
446.2353564848467 873.3387595012521
826.459451339705 -649.8704490380737
764.4899463296664 -648.4225849222748
839.269623701868 994.3436061770199
-206.0108514434007 -9.232205356484391
873.2174895555256 924.2627601666849
852.0793957928861 753.4863358358468
-981.4656630398005 135.92373732899077
-785.398618452924 965.9877767420129
-430.87669529990745 978.1989401774467
86.60096711394982 -12.175159316361706
877.1210034817448 702.1194771559933
-63.95846198741984 -614.3772034523804
-774.706477959691 -675.0114749205227
-82.17105793527767 -485.4702395409618
-627.6018617438646 473.235790984514
581.5353288505114 135.56244484187863
514.5655005151224 -649.0101723230706
712.2930085469154 794.0855235679503
653.9796505526192 30.561317919591822
-826.5244603032882 338.5117068199084
-630.4375979053201 -718.7762487314031
-352.7966598298344 -503.90583266570997
-478.42944586911227 -528.9574943969321
507.513303562914 908.0696453098251
-396.1083206167706 445.76505680199483
-977.128531611664 307.3667341403974
385.53718084547774 -875.7513363989277
-763.5503043920548 -386.3873159927604
-189.16677406320548 5.04094247677922
790.2367396325083 407.11407020451196
-378.0441032306794 -765.1685083104474
832.2607717012706 -409.9247996875064
229.25089628769803 -561.7427981293122
-732.8624356063917 -693.6288706216416
495.4696743017131 211.47789617813874
-168.30876913755066 98.46901763672955
-58.34384624137701 75.03537538640171
328.1888786793277 -563.1767546853481
-505.0691413828445 509.4790994497307
746.2701169754666 -836.2593870534503
-106.50404500703337 407.5322503117451
-843.7945557051196 128.33744454694963
-876.4839048866324 95.29849742186292
10.97411218519162 145.40334845572934
-700.2952372351714 -343.76472451558703
40.68308236957407 -767.5199556306716
-589.1970289212769 166.29535688203512
-818.1167110966243 20.75070806566903
617.3841663544744 -93.13539964043605
26.495686403283038 -86.40304857624793
-884.5264381349505 -75.24338852215263
613.830705108785 446.5601596500046
-208.10258009348505 632.906451866261
491.60896566363135 156.6225301180708
-909.4203945443425 -310.9422668757309
-872.4801757758336 988.2473209538402
869.1655977698929 -861.9617076793725
867.5511251698613 -936.5302579538419
-182.26612836150346 537.9441251669655
531.6553658474235 956.666569848202
291.7616361943269 -159.27612223534427
985.7131971617579 -235.0407622972559
739.2405706214169 813.5346230491451
-248.70893239602475 365.46070820308273
323.58507625093625 78.60052783772042
307.06819683740406 -304.4602257216995
-643.0527419917767 74.51697279600245
57.68507908801857 455.7162818122562
-554.6195680674671 -993.0534101101845
-954.5293453560669 -403.27402259403635
346.99971555313414 88.89067805004159
63.867216993517495 646.7208747515687
-504.9759229924489 -307.6805300247465
-448.70054440974536 874.8207222701336
450.0478918178368 -774.3107224670454
618.9563670783889 -161.51880301649578
532.1069350278067 767.513243690749
-968.7084072729009 -587.8367562995717
-798.206573814986 -932.8474484914384
195.56979346310533 406.57253372985735
-902.6473575125018 481.08215695972325
-195.46929837818737 -531.3214430248768
-565.4615796448932 727.4604853401128
-887.1119299510781 7.791697881869064
-421.4730972921623 631.5725135266337
463.03496623203654 -362.19260726161593
195.83534855452478 345.06380287382734
-358.6697692140337 -396.4711297115935
